2.497712411826427392e-01
2.497712411826427392e-01
2.497712411826427392e-01
2.497712411826427392e-01
2.543428431347009022e-01
2.299086613059641293e-01
2.213518389319253932e-01
2.147994050118249010e-01
2.087430189757703280e-01
1.855743120981881711e-01
1.624801164164798029e-01
2.262360784910213418e-01
3.425499422621166024e-01
5.112047724995884002e-01
6.951228041530777002e-01
8.519442170876383447e-01
9.592278710847370604e-01
1.000000000000000000e+00
9.774553280450166692e-01
9.199744320276275200e-01
8.558659802408933315e-01
7.935611267572543204e-01
7.283290522910027542e-01
6.666386108213225858e-01
6.350675619140069283e-01
6.116221432379149725e-01
5.637332048699372766e-01
4.921814527454088650e-01
4.190935037801845064e-01
3.285284990070712063e-01
1.783053333926188089e-01
0.000000000000000000e+00
